-0.000943996 -0.395145 -0.918618
-0.000956011 -0.400174 -0.916439
0.0220755 -0.415573 -0.909292
0.0223065 -0.395603 -0.918151
0.0220674 -0.391364 -0.919971
0.0223065 -0.395603 -0.918151
-0.000943996 -0.395145 -0.918618
-0.000933928 -0.390931 -0.92042
0.0221331 -0.392529 -0.919473
0.0662338 -0.403569 -0.912549
0.0880851 -0.401089 -0.911794
0.0886447 -0.380987 -0.920321
0.0892956 -0.406601 -0.909232
0.111246 -0.381739 -0.917551
0.0866414 -0.372377 -0.924029
0.0436957 -0.379463 -0.924175
0.0215439 -0.358714 -0.933199
-0.0447672 -0.373074 -0.926721
-0.0674916 -0.377384 -0.923594
-0.0674916 -0.377384 -0.923594
-0.0671099 -0.397028 -0.91535
-0.0459734 -0.405198 -0.913072
-0.0466879 -0.433859 -0.899771
-0.0243995 -0.465994 -0.884451
-0.00112152 -0.469453 -0.882957
-0.024713 -0.471982 -0.881262
-0.0241741 -0.46169 -0.886712
-0.0242958 -0.441817 -0.896776
-0.00103622 -0.433748 -0.901034
-0.000979106 -0.409842 -0.912156
-0.000969783 -0.405939 -0.913899
-0.000937241 -0.392318 -0.919829
-0.00108201 -0.452917 -0.891552
-0.00104813 -0.438733 -0.898617
-0.000856093 -0.35835 -0.933587
-0.000875056 -0.366288 -0.930501
-0.000912936 -0.382144 -0.924102
-0.0233956 -0.360735 -0.932375
-0.0235167 -0.384383 -0.922874
-0.0231638 -0.35716 -0.933756
-0.023532 -0.384632 -0.92277
-0.000988613 -0.413822 -0.910357
-0.00110465 -0.462393 -0.886675
-0.0232339 -0.464863 -0.885078
-0.0234911 -0.470009 -0.882349
-0.0237086 -0.452798 -0.891298
-0.0243349 -0.486893 -0.873123
-0.0247433 -0.472561 -0.88095
-0.024087 -0.481933 -0.875877
-0.0240252 -0.480696 -0.876558
-0.0466892 -0.47844 -0.876878
-0.0237832 -0.475854 -0.879203
-0.0447955 -0.48034 -0.875938
-0.0237548 -0.475286 -0.879511
